   Step DeathCountsActual DeathCountsExcpected DeviationPcnt pValue
1     1             95542                95421          0.13 0.6919
2     2            178031               178994         -0.54 0.0201
3     3            156055               162385         -3.90 0.0000
4     4            124380               139663        -10.94 0.0000
5     5             98053               120359        -18.53 0.0000
6     6             78457               104686        -25.05 0.0000
7     7             64997                91927        -29.29 0.0000
8     8             52929                81419        -34.99 0.0000
9     9             44306                72653        -39.02 0.0000
10   10             37569                65252        -42.43 0.0000
11   11             32593                58937        -44.70 0.0000
12   12             27961                53495        -47.73 0.0000
13   13             24341                48767        -50.09 0.0000
14   14             21289                44628        -52.30 0.0000
15   15             18993                40981        -53.65 0.0000
16   16             16710                37747        -55.73 0.0000
17   17             14720                34865        -57.78 0.0000
18   18             13060                32285        -59.55 0.0000
19   19             11903                29963        -60.27 0.0000
20   20             10779                27867        -61.32 0.0000
21   21              9764                25967        -62.40 0.0000
22   22              8817                24239        -63.62 0.0000
23   23              8055                22663        -64.46 0.0000
24   24              7326                21221        -65.48 0.0000
